


Lmin=30/(8*0.5*50e6)