


Lmin=30/(50e-3*0.5*20e6)